> Pokemon <- read.csv("C:/Users/Tatiane/Downloads/Pokemon.txt")
>   View(Pokemon)

> variaveis_quantitativas <- Pokemon[, sapply(Pokemon, is.numeric)]

> matriz_correlacao <- cor(variaveis_quantitativas)

> print(matriz_correlacao)
pokedex.id     height     weight         hp     attack    defense     sp.atk
pokedex.id  1.0000000 -0.3224149 -0.2178296 -0.1634044 -0.2559767 -0.3897199 -0.5770147
height     -0.3224149  1.0000000  0.9326952  0.9591485  0.7780279  0.7907642  0.8481174
weight     -0.2178296  0.9326952  1.0000000  0.9160538  0.7346359  0.7686770  0.7451738
hp         -0.1634044  0.9591485  0.9160538  1.0000000  0.8023232  0.7664929  0.7535829
attack     -0.2559767  0.7780279  0.7346359  0.8023232  1.0000000  0.5870070  0.7251990
defense    -0.3897199  0.7907642  0.7686770  0.7664929  0.5870070  1.0000000  0.6978845
sp.atk     -0.5770147  0.8481174  0.7451738  0.7535829  0.7251990  0.6978845  1.0000000
sp.def     -0.4506192  0.8338151  0.7405015  0.8104134  0.8611568  0.7647005  0.8820166
speed      -0.1654258  0.7726217  0.7471432  0.7680059  0.8601396  0.4550754  0.7872817
sp.def      speed
pokedex.id -0.4506192 -0.1654258
height      0.8338151  0.7726217
weight      0.7405015  0.7471432
hp          0.8104134  0.7680059
attack      0.8611568  0.8601396
defense     0.7647005  0.4550754
sp.atk      0.8820166  0.7872817
sp.def      1.0000000  0.7090987
speed       0.7090987  1.0000000

> plot(matriz_correlacao)